58 64 94 56 49 34 79 98 59 12
63 79 95 98 48 99 27 87 12 59
59 68 77 103 54 76 17 99 8 16
80 49 32 3 67 5 80 63 62 5
77 81 85 67 58 80 11 14 11 27
63 61 47 39 33 10 29 82 28 14
100 66 23 56 23 90 70 32 4 5
8 44 77 39 3 74 53 59 61 29
90 31 27 23 96 12 87 65 8 50
82 7 7 44 39 13 67 93 80 96
92 80 55 77 78 73 30 84 86 44
48 7 48 20 11 93 87 55 17 77
85 75 37 53 103 78 76 45 97 97
101 84 60 83 6 90 102 77 21 28
103 6 74 92 80 73 49 98 97 4
31 37 43 7 99 93 47 86 33 94
67 65 62 58 15 13 86 75 55 16
101 25 70 11 5 3 102 5 21 57
36 15 51 4 33 60 103 52 15 34
73 74 31 57 48 44 103 43 96 71
96 10 50 93 10 37 94 39 33 9
80 11 24 40 92 23 90 51 45 58
97 75 29 60 88 84 55 72 91 4
17 93 37 34 43 9 18 100 102 3
51 88 47 87 24 13 45 99 4 72
96 44 44 43 56 66 36 80 80 20
98 29 46 32 35 40 83 97 33 76
101 71 37 30 98 3 78 81 103 5
103 39 31 81 93 22 101 30 92 92
13 48 55 32 35 44 65 53 55 26
50 69 99 97 92 92 67 70 30 83
54 13 36 87 102 65 100 71 21 53
72 43 95 81 25 70 59 5 18 12
79 69 64 14 39 63 42 99 50 53
59 23 56 10 48 65 47 18 57 35
24 32 36 23 25 35 92 76 57 91
75 14 14 88 43 43 90 28 8 49
5 4 56 31 23 41 100 16 77 38
49 72 12 94 33 43 84 29 80 95
40 90 13 42 11 86 25 23 22 103
54 34 32 50 41 42 66 4 86 85
56 80 77 15 6 45 9 96 72 70
31 34 36 29 39 29 52 43 92 50
43 41 73 96 93 68 5 23 4 33
15 15 3 25 34 36 26 88 57 53
33 26 75 99 95 60 41 67 28 92
65 46 69 66 55 29 17 57 3 59
71 41 57 70 4 65 46 47 100 59
16 94 65 87 7 51 23 82 30 49
90 21 15 73 88 9 62 42 9 6
68 59 93 15 27 31 43 97 64 92
24 82 98 57 6 58 76 48 44 63
51 63 8 66 76 72 53 50 24 24
85 55 57 63 74 99 71 77 31 100
88 29 48 48 13 12 23 99 4 16
14 16 4 64 37 101 67 59 31 47
62 71 58 22 42 51 73 79 54 33
62 5 95 98 93 7 88 5 61 71
71 86 50 33 24 99 57 54 24 68
15 38 20 31 42 4 91 12 29 34
7 22 66 32 9 74 95 17 88 85
96 5 69 91 56 49 73 89 44 88
52 78 68 13 78 49 61 68 34 52
71 31 100 91 69 39 75 37 30 49
35 18 17 87 33 55 5 77 89 20
94 39 7 36 99 89 15 4 17 40
3 81 94 52 70 96 77 82 12 5
88 97 40 73 84 53 96 76 49 42
7 16 78 19 41 73 80 47 54 42
60 7 64 9 34 14 54 46 71 89
21 35 100 54 87 80 35 66 27 70
87 98 96 86 36 10 75 9 31 13
28 16 58 16 46 12 94 91 98 95
37 98 70 32 4 75 55 69 23 16
6 91 44 55 27 93 12 57 38 4
61 85 9 79 60 61 11 49 42 60
64 43 28 65 91 79 37 17 78 41
27 13 79 5 45 58 23 92 6 62
30 11 32 66 47 77 44 85 27 56
83 39 39 53 33 43 79 12 60 58
4 29 6 72 52 86 15 90 46 7
32 17 14 35 56 93 89 28 47 68
87 53 26 50 75 34 57 17 78 102
51 83 31 26 92 94 86 98 89 71
42 29 7 49 87 35 24 73 82 28
15 57 15 67 33 30 101 50 71 85
7 15 71 85 98 71 54 60 89 80
30 16 98 15 21 4 13 21 11 22
85 12 83 29 56 25 43 88 45 89
26 55 42 100 92 79 71 89 40 28
72 75 82 91 9 62 37 30 8 81
34 80 26 5 55 49 76 72 95 87
95 95 80 88 28 93 75 62 83 55
61 64 69 49 65 85 69 16 46 84
58 67 3 36 28 73 15 100 78 57
58 92 73 19 94 61 32 96 100 87
42 28 101 97 27 97 83 81 91 38
20 21 76 95 23 67 55 35 27 101
33 3 30 59 14 101 84 101 49 4
13 76 4 17 40 68 7 6 20 40
43 72 76 12 103 59 48 6 72 27
13 56 60 46 54 80 92 30 82 85
95 78 23 95 73 7 6 41 39 26
94 63 7 87 20 70 20 56 101 95
90 39 31 26 68 21 10 89 33 73
25 37 98 84 61 43 39 87 8 70
23 94 55 17 63 34 64 89 94 69
16 17 96 82 63 65 86 24 60 96
22 99 12 89 12 64 30 9 86 102
52 87 23 8 67 38 59 6 65 70
20 62 8 28 54 15 10 30 63 23
71 53 66 6 49 72 21 67 31 30
21 66 8 23 36 37 85 90 19 74
30 86 36 89 62 58 12 87 73 84
72 36 33 99 85 15 100 5 31 98
15 22 34 87 36 22 83 42 17 41
61 14 35 98 88 27 61 103 103 77
71 4 11 60 24 57 9 46 87 13
87 50 41 35 8 52 35 88 56 38
50 26 36 30 65 19 92 15 70 82
85 100 97 16 98 58 37 5 100 92
21 63 17 47 89 16 60 102 81 47
53 5 73 40 68 21 96 68 83 59
94 77 41 51 25 42 18 8 9 61
36 90 32 13 65 42 33 30 15 98
5 36 3 42 3 32 78 75 100 90
45 42 61 48 44 71 103 42 29 38
82 37 92 44 85 73 101 19 64 45
56 89 72 26 77 100 28 78 16 69
5 25 95 93 29 13 23 91 72 36
43 76 83 103 64 47 81 4 11 57
29 24 61 90 101 23 9 77 96 56
34 14 64 11 89 18 101 81 95 29
71 12 40 35 54 65 56 59 40 94
20 33 51 13 95 95 67 98 78 34
14 58 56 11 45 95 48 25 25 59
23 77 44 26 31 28 3 57 88 75
78 100 67 75 11 43 91 69 76 79
48 16 33 22 101 50 77 50 33 34
83 34 42 54 67 77 24 32 61 60
87 48 94 55 72 97 60 12 10 91
56 56 29 18 43 79 31 54 9 80
97 85 55 87 29 96 17 65 30 7
25 102 69 17 11 91 57 3 9 76
56 79 51 45 30 89 87 41 65 75
86 81 15 31 34 48 12 62 22 99
80 61 72 28 19 35 11 25 49 40
38 37 46 71 36 58 20 72 55 36
55 34 101 43 93 56 102 5 79 15
50 59 43 95 49 35 102 87 50 52
48 102 24 65 12 5 64 84 52 15
77 22 54 36 62 34 27 73 97 88
97 43 93 8 96 64 43 99 15 75
16 45 38 62 20 20 100 58 74 83
11 41 91 49 60 10 51 44 103 5
73 96 21 40 67 47 9 76 8 15
79 94 41 102 70 77 58 18 12 77
100 58 48 4 64 87 67 52 66 37
70 19 29 42 88 27 37 33 64 77
26 45 42 22 20 84 68 11 79 90
38 32 4 88 50 76 74 86 37 21
77 18 90 42 60 9 14 27 29 55
29 89 69 45 98 70 101 64 51 94
49 70 20 21 49 95 68 64 47 21
81 70 46 37 91 98 20 89 8 76
101 68 80 71 52 70 54 18 95 43
55 48 102 90 62 14 25 75 76 25
56 49 50 89 76 98 81 16 39 101
10 42 92 95 94 50 47 102 7 47
82 32 60 45 100 20 83 36 88 45
41 83 39 24 69 13 3 76 21 34
84 27 88 75 59 41 5 64 59 49
99 19 41 11 55 41 73 34 10 31
51 95 70 36 23 83 97 9 54 37
31 77 15 47 39 70 88 99 35 5
69 22 4 77 94 34 22 70 35 90
87 25 33 80 35 9 61 42 14 21
40 27 15 16 51 92 17 101 10 37
102 81 71 49 23 47 64 63 10 28
29 47 8 17 95 39 29 46 94 3
17 24 98 102 96 73 74 78 64 81
37 33 42 51 81 63 97 82 89 88
25 36 78 75 94 11 14 94 75 13
61 99 30 68 33 73 41 64 29 18
57 93 81 87 12 74 99 99 74 90
21 57 72 62 13 12 19 39 43 36
34 17 73 63 97 81 73 12 48 68
100 41 81 99 57 61 91 70 79 8
75 16 70 85 86 69 25 39 4 36
60 7 80 76 43 7 37 70 56 42
78 3 87 41 54 6 102 67 60 6
63 76 84 5 64 3 95 45 4 28
37 4 30 39 25 98 76 29 7 25
6 59 55 49 66 78 100 66 8 47
45 103 103 58 49 42 45 71 100 52
28 34 48 72 79 84 30 69 47 79
11 35 24 56 50 99 41 53 55 76
5 90 28 36 46 29 103 39 43 69
87 29 45 102 93 43 4 27 3 23
9 36 6 18 66 18 73 91 75 70
